 1.217081  3.285 0 -0.875  6.6
 0.909267  1.460 1 -0.875  6.6
 2.723456  5.110 0 -0.625  6.6
 4.047045  4.745 1 -0.625  6.6
 1.670636  6.935 0 -0.375  6.6
 1.045681  2.920 1 -0.375  6.6
 3.048651  8.030 0 -0.125  6.6
 2.635094  8.395 1 -0.125  6.6
 1.642542  6.935 0  0.125  6.6
 3.150860  8.395 1  0.125  6.6
 2.946662  6.205 0  0.375  6.6
 2.729982  7.665 1  0.375  6.6
 1.520932  4.745 0  0.625  6.6
 3.325277  4.015 1  0.625  6.6
 1.485466  1.460 0  0.875  6.6
 1.554855  2.190 1  0.875  6.6
 2.492857  4.015 0 -0.875  8.7
 2.150239  3.650 1 -0.875  8.7
 3.414196  5.840 0 -0.625  8.7
 1.449309  4.380 1 -0.625  8.7
 4.537644  8.760 0 -0.375  8.7
 2.095557  5.840 1 -0.375  8.7
 5.065594 10.950 0 -0.125  8.7
 4.261766  8.030 1 -0.125  8.7
 2.406053  9.490 0  0.125  8.7
 1.520979  6.205 1  0.125  8.7
 1.886937  9.490 0  0.375  8.7
 1.555306  6.570 1  0.375  8.7
 2.223147  9.855 0  0.625  8.7
 1.572968  5.840 1  0.625  8.7
 4.625238  4.745 0  0.875  8.7
 3.286127  6.570 1  0.875  8.7
 2.723456  5.110 0 -0.875 11.7
 3.325277  4.015 1 -0.875 11.7
 2.137571  6.935 0 -0.625 11.7
 1.204079  2.555 1 -0.625 11.7
 2.785842 12.775 0 -0.375 11.7
 1.816362  3.285 1 -0.375 11.7
 2.000240 10.950 0 -0.125 11.7
 4.464428  8.760 1 -0.125 11.7
 2.822362 20.075 0  0.125 11.7
 2.230226  9.490 1  0.125 11.7
 6.043317 13.870 0  0.375 11.7
 4.123760 10.950 1  0.375 11.7
 2.450427 16.425 0  0.625 11.7
 5.264141 11.680 1  0.625 11.7
 6.183374 13.505 0  0.875 11.7
 5.532428 14.235 1  0.875 11.7
 5.092990 10.220 0 -0.875 15.6
 2.404606  4.380 1 -0.875 15.6
 1.911969  9.855 0 -0.625 15.6
 1.983450  5.110 1 -0.625 15.6
 2.477381  9.855 0 -0.375 15.6
 1.325178  4.745 1 -0.375 15.6
 5.743459 21.535 0 -0.125 15.6
 1.894286  7.300 1 -0.125 15.6
 9.530210 25.550 0  0.125 15.6
 2.625569 14.965 1  0.125 15.6
 3.261358 27.740 0  0.375 15.6
 3.857294 21.900 1  0.375 15.6
 8.534826 28.105 0  0.625 15.6
 3.837356 25.185 1  0.625 15.6
 6.931407 25.915 0  0.875 15.6
 3.842523 15.330 1  0.875 15.6
 4.473744  6.935 0 -0.875 20.7
 1.161251  3.285 1 -0.875 20.7
 3.143210 12.410 0 -0.625 20.7
 2.548058  6.205 1 -0.625 20.7
 3.338925 20.075 0 -0.375 20.7
 3.258646  9.125 1 -0.375 20.7
 4.576338 30.660 0 -0.125 20.7
 2.314617 13.505 1 -0.125 20.7
 3.342561 26.280 0  0.125 20.7
 2.619248 18.615 1  0.125 20.7
11.732139 32.850 0  0.375 20.7
 5.543870 31.025 1  0.375 20.7
 4.858433 40.150 0  0.625 20.7
 4.597574 47.815 1  0.625 20.7
 6.248606 29.565 0  0.875 20.7
 3.248486 23.360 1  0.875 20.7
 2.134357  4.745 0 -0.875 27.7
 2.042144  8.395 1 -0.875 27.7
 4.743245  9.855 0 -0.625 27.7
 1.281641  4.380 1 -0.625 27.7
 2.463629 16.060 0 -0.375 27.7
 2.424414  7.300 1 -0.375 27.7
 2.896394 14.600 0 -0.125 27.7
 2.969069 13.870 1 -0.125 27.7
 3.348565 29.200 0  0.125 27.7
 2.772720 20.805 1  0.125 27.7
 7.891869 36.135 0  0.375 27.7
 7.290250 57.670 1  0.375 27.7
 4.208037 40.515 0  0.625 27.7
11.469408 68.620 1  0.625 27.7
10.873557 41.245 0  0.875 27.7
 8.432750 31.755 1  0.875 27.7
 1.258325  4.015 0 -0.875 36.9
 1.668062  5.475 1 -0.875 36.9
 2.207842  6.205 0 -0.625 36.9
 2.614087  5.840 1 -0.625 36.9
 2.230226  9.490 0 -0.375 36.9
 3.258646  9.125 1 -0.375 36.9
 3.933090 14.235 0 -0.125 36.9
 2.223147  9.855 1 -0.125 36.9
 4.724308 14.235 0  0.125 36.9
 3.777493 20.075 1  0.125 36.9
 5.557952 31.390 0  0.375 36.9
 5.234071 66.065 1  0.375 36.9
 5.539829 41.975 0  0.625 36.9
 5.458788 81.395 1  0.625 36.9
 5.402626 38.325 0  0.875 36.9
10.817511 31.025 1  0.875 36.9
 1.220223  1.825 0 -0.875 49.2
 1.204079  2.555 1 -0.875 49.2
 2.071223  6.935 0 -0.625 49.2
 2.150239  3.650 1 -0.625 49.2
 2.071223  6.935 0 -0.375 49.2
 1.281641  4.380 1 -0.375 49.2
 2.441489  8.395 0 -0.125 49.2
 1.497397  5.840 1 -0.125 49.2
 2.099766 12.045 0  0.125 49.2
 5.310112 17.520 1  0.125 49.2
 2.835373 21.535 0  0.375 49.2
12.076502 52.560 1  0.375 49.2
 7.469857 25.185 0  0.625 49.2
 4.800627 62.780 1  0.625 49.2
 3.558843 31.390 0  0.875 49.2
 9.000245 20.805 1  0.875 49.2