 1.0 0.000000e+00 1.000000e+01
 2.0 1.000000e+01 2.154400e+01
 3.0 2.154400e+01 4.641600e+01
 4.0 4.641600e+01 1.000000e+02
 5.0 1.000000e+02 2.154400e+02
 6.0 2.154400e+02 4.641600e+02
 7.0 4.641600e+02 1.000000e+03
 8.0 1.000000e+03 2.154400e+03
 9.0 2.154400e+03 4.641600e+03
10.0 4.641600e+03 1.000000e+04
11.0 1.000000e+04 2.154400e+04
12.0 2.154400e+04 4.641600e+04
13.0 4.641600e+04 1.000000e+05
14.0 1.000000e+05 2.154400e+05
15.0 2.154400e+05 4.641600e+05
16.0 4.641600e+05 1.000000e+06
17.0 1.000000e+06 2.154400e+06
18.0 2.154400e+06 4.641600e+06
19.0 4.641600e+06 1.000000e+07
20.0 1.000000e+07 2.154400e+07
21.0 2.154400e+07 4.641600e+07
22.0 4.641600e+07 1.000000e+08
23.0 1.000000e+08 2.154400e+08
24.0 2.154400e+08 4.641600e+08
25.0 4.641600e+08 1.000000e+09
26.0 1.000000e+09 2.154400e+09
27.0 2.154400e+09 4.641600e+09
28.0 4.641600e+09 1.000000e+10
29.0 1.000000e+10 2.154400e+10
30.0 2.154400e+10 4.641600e+10
31.0 4.641600e+10 1.000000e+11
32.0 1.000000e+11 2.154400e+11
33.0 2.154400e+11 4.641600e+11
34.0 4.641600e+11 1.000000e+12
35.0 1.000000e+12 2.154400e+12
36.0 2.154400e+12 4.641600e+12
37.0 4.641600e+12 1.000000e+13
38.0 1.000000e+13 2.154400e+13
39.0 2.154400e+13 4.641600e+13
40.0 4.641600e+13 1.000000e+14